1112153442
1112153830
1112153931
1112154119
1112154315
1112154745
1112155212
1112155452
1112160000
1112160159
1112160314
1112160403
1112160522
1112160558
1112160613
1112160920
1112161058
1112161206
1112161218
1112161558
1112161624
1112161651
1112161853
1112162013
1112162149
1112162206
1112162244
1112162613
1112162628
1112162958
1112163159
1112163228
1112163511
1112163515
1112163603
1112163919
1112164012
1112164323
1112164503
1112165342
1112165646
1112165817
1112170220
1112170314
1112170647
1112170717
1112170810
1112171528
1112171533
1112171803
1112171817
1112171935
1112172713
1112173208
1112173454
1112173710
1112174213
1112175125
1112175708
1112175720
1112175935
1112180153
1112181000
1112181119
1112181640
1112181913
1112182059
1112182252
1112184316
1112184733
1112184806
1112185005
1112185104
1112185548
1112185719
1112191023
1112191118
1112191421
1112191606
1112192543
1112194106
1112194839
1112194850
1112195729
1112200916
1112201236
1112201439
1112202216
1112202311
1112202800
1112204230
1112204449
1112204632
1112204712
1112204744
1112205043
1112205521
1112205607
1112205707
1112210021
1112210118
1112211356
1112212721
1112213759
1112214128
1112214245
1112215017
1112215304
1112215645
1112215812
1112215858
1112220131
1112220628
1112220707
1112220902
1112221122
1112221506
1112221837
1112221955
1112222857
1112224215
1112224625
1112224633
1112224802
1112225056
1112225212
1112230439
1112231643
1112231901
1112232253
1112232811
1112233756
1112234106
1112234215
1112234545
1112234608
1112234630
1112235226
1112235254
1112235906
1113000840
1113002231
1113002725
1113002957
1113003154
1113003306
1113003521
1113003918
1113004322
1113004712
1113004749
1113005335
1113010338
1113010731
1113010836
1113011604
1113011649
1113011925
1113013021
1113013441
1113013451
1113014106
1113014349
1113014552
1113015836
1113020449
1113020756
1113020848
1113022748
1113023154
1113023554
1113023658
1113023941
1113024308
1113024447
1113024511
1113024704
1113025136
1113025603
1113030401
1113030451
1113031044
1113032414
1113032710
1113033608
1113034214
1113034330
1113034620
1113035336
1113035540
1113040218
1113041848
1113042919
1113044747
1113045736
1113050020
1113050203
1113050635
1113051220
1113051416
1113052441
1113052559
1113052733
1113052839
1113053155
1113053716
1113054610
1113055142
1113060902
1113060952
1113061129
